% # columns="iteration, evaluation, sigma, beta, void,  sigvec==sigma_vec.scaling factors from diagonal decoding", seed=649140, Tue Nov 18 17:35:01 2025, <python>{}</python>
1355 16260 0.029175688020837632 1 0 2.0393555138518327 0.004926508703811845 0.0005567535887844378 0.014171138212685992 1.7212451946700282 0.0025492203387067207 0.029391480475788254 0.018142224627195315 0.012386025112201713 0.016538818935554808 5.317702831430401 5.621202110749529 1.1563450891566633 0.1433511669015224 4.568729033105588
1356 16272 0.02711514873332185 1 0 2.0393555138518327 0.004926508703811845 0.0005567535887844378 0.014171138212685992 1.7212451946700282 0.0025492203387067207 0.029391480475788254 0.018142224627195315 0.012386025112201713 0.016538818935554808 5.317702831430401 5.621202110749529 1.1563450891566633 0.1433511669015224 4.568729033105588
1357 16284 0.026040232944793375 1 0 2.0393555138518327 0.004926508703811845 0.0005567535887844378 0.014171138212685992 1.7212451946700282 0.0025492203387067207 0.029391480475788254 0.018142224627195315 0.012386025112201713 0.016538818935554808 5.317702831430401 5.621202110749529 1.1563450891566633 0.1433511669015224 4.568729033105588
1358 16296 0.024776219215324722 1 0 2.0393555138518327 0.004926508703811845 0.0005567535887844378 0.014171138212685992 1.7212451946700282 0.0025492203387067207 0.029391480475788254 0.018142224627195315 0.012386025112201713 0.016538818935554808 5.317702831430401 5.621202110749529 1.1563450891566633 0.1433511669015224 4.568729033105588
1359 16308 0.025098293838723546 1 0 2.0393555138518327 0.004926508703811845 0.0005567535887844378 0.014171138212685992 1.7212451946700282 0.0025492203387067207 0.029391480475788254 0.018142224627195315 0.012386025112201713 0.016538818935554808 5.317702831430401 5.621202110749529 1.1563450891566633 0.1433511669015224 4.568729033105588
1360 16320 0.02557595817225521 1 0 2.0393555138518327 0.004926508703811845 0.0005567535887844378 0.014171138212685992 1.7212451946700282 0.0025492203387067207 0.029391480475788254 0.018142224627195315 0.012386025112201713 0.016538818935554808 5.317702831430401 5.621202110749529 1.1563450891566633 0.1433511669015224 4.568729033105588
1361 16332 0.02638289807624474 1 0 2.0393555138518327 0.004926508703811845 0.0005567535887844378 0.014171138212685992 1.7212451946700282 0.0025492203387067207 0.029391480475788254 0.018142224627195315 0.012386025112201713 0.016538818935554808 5.317702831430401 5.621202110749529 1.1563450891566633 0.1433511669015224 4.568729033105588
1362 16344 0.025835618130794498 1 0 2.0393555138518327 0.004926508703811845 0.0005567535887844378 0.014171138212685992 1.7212451946700282 0.0025492203387067207 0.029391480475788254 0.018142224627195315 0.012386025112201713 0.016538818935554808 5.317702831430401 5.621202110749529 1.1563450891566633 0.1433511669015224 4.568729033105588
1363 16356 0.02710106508144861 1 0 2.0393555138518327 0.004926508703811845 0.0005567535887844378 0.014171138212685992 1.7212451946700282 0.0025492203387067207 0.029391480475788254 0.018142224627195315 0.012386025112201713 0.016538818935554808 5.317702831430401 5.621202110749529 1.1563450891566633 0.1433511669015224 4.568729033105588
1364 16368 0.02665720557728725 1 0 2.0393555138518327 0.004926508703811845 0.0005567535887844378 0.014171138212685992 1.7212451946700282 0.0025492203387067207 0.029391480475788254 0.018142224627195315 0.012386025112201713 0.016538818935554808 5.317702831430401 5.621202110749529 1.1563450891566633 0.1433511669015224 4.568729033105588
1365 16380 0.026129221069643764 1 0 2.0393555138518327 0.004926508703811845 0.0005567535887844378 0.014171138212685992 1.7212451946700282 0.0025492203387067207 0.029391480475788254 0.018142224627195315 0.012386025112201713 0.016538818935554808 5.317702831430401 5.621202110749529 1.1563450891566633 0.1433511669015224 4.568729033105588
1366 16392 0.02554588310813441 1 0 2.0393555138518327 0.004926508703811845 0.0005567535887844378 0.014171138212685992 1.7212451946700282 0.0025492203387067207 0.029391480475788254 0.018142224627195315 0.012386025112201713 0.016538818935554808 5.317702831430401 5.621202110749529 1.1563450891566633 0.1433511669015224 4.568729033105588
1367 16404 0.025261655955604537 1 0 2.0393555138518327 0.004926508703811845 0.0005567535887844378 0.014171138212685992 1.7212451946700282 0.0025492203387067207 0.029391480475788254 0.018142224627195315 0.012386025112201713 0.016538818935554808 5.317702831430401 5.621202110749529 1.1563450891566633 0.1433511669015224 4.568729033105588
1368 16416 0.025894816558996985 1 0 2.0393555138518327 0.004926508703811845 0.0005567535887844378 0.014171138212685992 1.7212451946700282 0.0025492203387067207 0.029391480475788254 0.018142224627195315 0.012386025112201713 0.016538818935554808 5.317702831430401 5.621202110749529 1.1563450891566633 0.1433511669015224 4.568729033105588
1369 16428 0.024988640735209924 1 0 2.0393555138518327 0.004926508703811845 0.0005567535887844378 0.014171138212685992 1.7212451946700282 0.0025492203387067207 0.029391480475788254 0.018142224627195315 0.012386025112201713 0.016538818935554808 5.317702831430401 5.621202110749529 1.1563450891566633 0.1433511669015224 4.568729033105588
1370 16440 0.024607032930500674 1 0 2.0393555138518327 0.004926508703811845 0.0005567535887844378 0.014171138212685992 1.7212451946700282 0.0025492203387067207 0.029391480475788254 0.018142224627195315 0.012386025112201713 0.016538818935554808 5.317702831430401 5.621202110749529 1.1563450891566633 0.1433511669015224 4.568729033105588
1371 16452 0.022955358006493152 1 0 2.0393555138518327 0.004926508703811845 0.0005567535887844378 0.014171138212685992 1.7212451946700282 0.0025492203387067207 0.029391480475788254 0.018142224627195315 0.012386025112201713 0.016538818935554808 5.317702831430401 5.621202110749529 1.1563450891566633 0.1433511669015224 4.568729033105588
1372 16464 0.02111138172011728 1 0 2.0393555138518327 0.004926508703811845 0.0005567535887844378 0.014171138212685992 1.7212451946700282 0.0025492203387067207 0.029391480475788254 0.018142224627195315 0.012386025112201713 0.016538818935554808 5.317702831430401 5.621202110749529 1.1563450891566633 0.1433511669015224 4.568729033105588
1373 16476 0.019864465266813857 1 0 2.0393555138518327 0.004926508703811845 0.0005567535887844378 0.014171138212685992 1.7212451946700282 0.0025492203387067207 0.029391480475788254 0.018142224627195315 0.012386025112201713 0.016538818935554808 5.317702831430401 5.621202110749529 1.1563450891566633 0.1433511669015224 4.568729033105588
1374 16488 0.018078433766913492 1 0 2.0393555138518327 0.004926508703811845 0.0005567535887844378 0.014171138212685992 1.7212451946700282 0.0025492203387067207 0.029391480475788254 0.018142224627195315 0.012386025112201713 0.016538818935554808 5.317702831430401 5.621202110749529 1.1563450891566633 0.1433511669015224 4.568729033105588
1375 16500 0.017110308555504335 1 0 2.0393555138518327 0.004926508703811845 0.0005567535887844378 0.014171138212685992 1.7212451946700282 0.0025492203387067207 0.029391480475788254 0.018142224627195315 0.012386025112201713 0.016538818935554808 5.317702831430401 5.621202110749529 1.1563450891566633 0.1433511669015224 4.568729033105588
1376 16512 0.01613085928666258 1 0 2.0393555138518327 0.004926508703811845 0.0005567535887844378 0.014171138212685992 1.7212451946700282 0.0025492203387067207 0.029391480475788254 0.018142224627195315 0.012386025112201713 0.016538818935554808 5.317702831430401 5.621202110749529 1.1563450891566633 0.1433511669015224 4.568729033105588
1377 16524 0.015985778815504684 1 0 2.0393555138518327 0.004926508703811845 0.0005567535887844378 0.014171138212685992 1.7212451946700282 0.0025492203387067207 0.029391480475788254 0.018142224627195315 0.012386025112201713 0.016538818935554808 5.317702831430401 5.621202110749529 1.1563450891566633 0.1433511669015224 4.568729033105588
1378 16536 0.016752675982399524 1 0 2.0393555138518327 0.004926508703811845 0.0005567535887844378 0.014171138212685992 1.7212451946700282 0.0025492203387067207 0.029391480475788254 0.018142224627195315 0.012386025112201713 0.016538818935554808 5.317702831430401 5.621202110749529 1.1563450891566633 0.1433511669015224 4.568729033105588
1379 16548 0.017304120378285787 1 0 2.0393555138518327 0.004926508703811845 0.0005567535887844378 0.014171138212685992 1.7212451946700282 0.0025492203387067207 0.029391480475788254 0.018142224627195315 0.012386025112201713 0.016538818935554808 5.317702831430401 5.621202110749529 1.1563450891566633 0.1433511669015224 4.568729033105588
1380 16560 0.016357105987159424 1 0 2.0393555138518327 0.004926508703811845 0.0005567535887844378 0.014171138212685992 1.7212451946700282 0.0025492203387067207 0.029391480475788254 0.018142224627195315 0.012386025112201713 0.016538818935554808 5.317702831430401 5.621202110749529 1.1563450891566633 0.1433511669015224 4.568729033105588
1381 16572 0.01564851825924106 1 0 2.0393555138518327 0.004926508703811845 0.0005567535887844378 0.014171138212685992 1.7212451946700282 0.0025492203387067207 0.029391480475788254 0.018142224627195315 0.012386025112201713 0.016538818935554808 5.317702831430401 5.621202110749529 1.1563450891566633 0.1433511669015224 4.568729033105588
1382 16584 0.015935717370045795 1 0 2.0393555138518327 0.004926508703811845 0.0005567535887844378 0.014171138212685992 1.7212451946700282 0.0025492203387067207 0.029391480475788254 0.018142224627195315 0.012386025112201713 0.016538818935554808 5.317702831430401 5.621202110749529 1.1563450891566633 0.1433511669015224 4.568729033105588
1383 16596 0.015758713672989456 1 0 2.0393555138518327 0.004926508703811845 0.0005567535887844378 0.014171138212685992 1.7212451946700282 0.0025492203387067207 0.029391480475788254 0.018142224627195315 0.012386025112201713 0.016538818935554808 5.317702831430401 5.621202110749529 1.1563450891566633 0.1433511669015224 4.568729033105588
1384 16608 0.014748846812765658 1 0 2.0393555138518327 0.004926508703811845 0.0005567535887844378 0.014171138212685992 1.7212451946700282 0.0025492203387067207 0.029391480475788254 0.018142224627195315 0.012386025112201713 0.016538818935554808 5.317702831430401 5.621202110749529 1.1563450891566633 0.1433511669015224 4.568729033105588
1385 16620 0.013943399684030973 1 0 2.0393555138518327 0.004926508703811845 0.0005567535887844378 0.014171138212685992 1.7212451946700282 0.0025492203387067207 0.029391480475788254 0.018142224627195315 0.012386025112201713 0.016538818935554808 5.317702831430401 5.621202110749529 1.1563450891566633 0.1433511669015224 4.568729033105588
1386 16632 0.013977751674385799 1 0 2.0393555138518327 0.004926508703811845 0.0005567535887844378 0.014171138212685992 1.7212451946700282 0.0025492203387067207 0.029391480475788254 0.018142224627195315 0.012386025112201713 0.016538818935554808 5.317702831430401 5.621202110749529 1.1563450891566633 0.1433511669015224 4.568729033105588
1387 16644 0.014394287346440267 1 0 2.0393555138518327 0.004926508703811845 0.0005567535887844378 0.014171138212685992 1.7212451946700282 0.0025492203387067207 0.029391480475788254 0.018142224627195315 0.012386025112201713 0.016538818935554808 5.317702831430401 5.621202110749529 1.1563450891566633 0.1433511669015224 4.568729033105588
1388 16656 0.015221240225210094 1 0 2.0393555138518327 0.004926508703811845 0.0005567535887844378 0.014171138212685992 1.7212451946700282 0.0025492203387067207 0.029391480475788254 0.018142224627195315 0.012386025112201713 0.016538818935554808 5.317702831430401 5.621202110749529 1.1563450891566633 0.1433511669015224 4.568729033105588
1389 16668 0.015715195401233662 1 0 2.0393555138518327 0.004926508703811845 0.0005567535887844378 0.014171138212685992 1.7212451946700282 0.0025492203387067207 0.029391480475788254 0.018142224627195315 0.012386025112201713 0.016538818935554808 5.317702831430401 5.621202110749529 1.1563450891566633 0.1433511669015224 4.568729033105588
1390 16680 0.016023955866926946 1 0 2.0393555138518327 0.004926508703811845 0.0005567535887844378 0.014171138212685992 1.7212451946700282 0.0025492203387067207 0.029391480475788254 0.018142224627195315 0.012386025112201713 0.016538818935554808 5.317702831430401 5.621202110749529 1.1563450891566633 0.1433511669015224 4.568729033105588
1391 16692 0.01645713936279141 1 0 2.0393555138518327 0.004926508703811845 0.0005567535887844378 0.014171138212685992 1.7212451946700282 0.0025492203387067207 0.029391480475788254 0.018142224627195315 0.012386025112201713 0.016538818935554808 5.317702831430401 5.621202110749529 1.1563450891566633 0.1433511669015224 4.568729033105588
1392 16704 0.017204778554574772 1 0 2.0393555138518327 0.004926508703811845 0.0005567535887844378 0.014171138212685992 1.7212451946700282 0.0025492203387067207 0.029391480475788254 0.018142224627195315 0.012386025112201713 0.016538818935554808 5.317702831430401 5.621202110749529 1.1563450891566633 0.1433511669015224 4.568729033105588
1393 16716 0.017069551541591833 1 0 2.0393555138518327 0.004926508703811845 0.0005567535887844378 0.014171138212685992 1.7212451946700282 0.0025492203387067207 0.029391480475788254 0.018142224627195315 0.012386025112201713 0.016538818935554808 5.317702831430401 5.621202110749529 1.1563450891566633 0.1433511669015224 4.568729033105588
1394 16728 0.016923391667040197 1 0 2.0393555138518327 0.004926508703811845 0.0005567535887844378 0.014171138212685992 1.7212451946700282 0.0025492203387067207 0.029391480475788254 0.018142224627195315 0.012386025112201713 0.016538818935554808 5.317702831430401 5.621202110749529 1.1563450891566633 0.1433511669015224 4.568729033105588
1395 16740 0.01639701806460459 1 0 2.0393555138518327 0.004926508703811845 0.0005567535887844378 0.014171138212685992 1.7212451946700282 0.0025492203387067207 0.029391480475788254 0.018142224627195315 0.012386025112201713 0.016538818935554808 5.317702831430401 5.621202110749529 1.1563450891566633 0.1433511669015224 4.568729033105588
1396 16752 0.015296667024722379 1 0 2.0393555138518327 0.004926508703811845 0.0005567535887844378 0.014171138212685992 1.7212451946700282 0.0025492203387067207 0.029391480475788254 0.018142224627195315 0.012386025112201713 0.016538818935554808 5.317702831430401 5.621202110749529 1.1563450891566633 0.1433511669015224 4.568729033105588
1397 16764 0.014197600900247975 1 0 2.0393555138518327 0.004926508703811845 0.0005567535887844378 0.014171138212685992 1.7212451946700282 0.0025492203387067207 0.029391480475788254 0.018142224627195315 0.012386025112201713 0.016538818935554808 5.317702831430401 5.621202110749529 1.1563450891566633 0.1433511669015224 4.568729033105588
1398 16776 0.013023428692947535 1 0 2.0393555138518327 0.004926508703811845 0.0005567535887844378 0.014171138212685992 1.7212451946700282 0.0025492203387067207 0.029391480475788254 0.018142224627195315 0.012386025112201713 0.016538818935554808 5.317702831430401 5.621202110749529 1.1563450891566633 0.1433511669015224 4.568729033105588
1399 16788 0.012153324961784836 1 0 2.0393555138518327 0.004926508703811845 0.0005567535887844378 0.014171138212685992 1.7212451946700282 0.0025492203387067207 0.029391480475788254 0.018142224627195315 0.012386025112201713 0.016538818935554808 5.317702831430401 5.621202110749529 1.1563450891566633 0.1433511669015224 4.568729033105588
1400 16800 0.011825792569800556 1 0 2.0393555138518327 0.004926508703811845 0.0005567535887844378 0.014171138212685992 1.7212451946700282 0.0025492203387067207 0.029391480475788254 0.018142224627195315 0.012386025112201713 0.016538818935554808 5.317702831430401 5.621202110749529 1.1563450891566633 0.1433511669015224 4.568729033105588
1401 16812 0.01174805466370441 1 0 2.0393555138518327 0.004926508703811845 0.0005567535887844378 0.014171138212685992 1.7212451946700282 0.0025492203387067207 0.029391480475788254 0.018142224627195315 0.012386025112201713 0.016538818935554808 5.317702831430401 5.621202110749529 1.1563450891566633 0.1433511669015224 4.568729033105588
1402 16824 0.011176141517928274 1 0 2.0393555138518327 0.004926508703811845 0.0005567535887844378 0.014171138212685992 1.7212451946700282 0.0025492203387067207 0.029391480475788254 0.018142224627195315 0.012386025112201713 0.016538818935554808 5.317702831430401 5.621202110749529 1.1563450891566633 0.1433511669015224 4.568729033105588
1403 16836 0.010636766468060563 1 0 2.0393555138518327 0.004926508703811845 0.0005567535887844378 0.014171138212685992 1.7212451946700282 0.0025492203387067207 0.029391480475788254 0.018142224627195315 0.012386025112201713 0.016538818935554808 5.317702831430401 5.621202110749529 1.1563450891566633 0.1433511669015224 4.568729033105588
1404 16848 0.009920972598647127 1 0 2.0393555138518327 0.004926508703811845 0.0005567535887844378 0.014171138212685992 1.7212451946700282 0.0025492203387067207 0.029391480475788254 0.018142224627195315 0.012386025112201713 0.016538818935554808 5.317702831430401 5.621202110749529 1.1563450891566633 0.1433511669015224 4.568729033105588
1405 16860 0.009257757319404597 1 0 2.0393555138518327 0.004926508703811845 0.0005567535887844378 0.014171138212685992 1.7212451946700282 0.0025492203387067207 0.029391480475788254 0.018142224627195315 0.012386025112201713 0.016538818935554808 5.317702831430401 5.621202110749529 1.1563450891566633 0.1433511669015224 4.568729033105588
1406 16872 0.008797970517857077 1 0 2.0393555138518327 0.004926508703811845 0.0005567535887844378 0.014171138212685992 1.7212451946700282 0.0025492203387067207 0.029391480475788254 0.018142224627195315 0.012386025112201713 0.016538818935554808 5.317702831430401 5.621202110749529 1.1563450891566633 0.1433511669015224 4.568729033105588
1407 16884 0.008411510182644376 1 0 2.0393555138518327 0.004926508703811845 0.0005567535887844378 0.014171138212685992 1.7212451946700282 0.0025492203387067207 0.029391480475788254 0.018142224627195315 0.012386025112201713 0.016538818935554808 5.317702831430401 5.621202110749529 1.1563450891566633 0.1433511669015224 4.568729033105588
1408 16896 0.008064500629806817 1 0 2.0393555138518327 0.004926508703811845 0.0005567535887844378 0.014171138212685992 1.7212451946700282 0.0025492203387067207 0.029391480475788254 0.018142224627195315 0.012386025112201713 0.016538818935554808 5.317702831430401 5.621202110749529 1.1563450891566633 0.1433511669015224 4.568729033105588
1409 16908 0.007855713885860491 1 0 2.0393555138518327 0.004926508703811845 0.0005567535887844378 0.014171138212685992 1.7212451946700282 0.0025492203387067207 0.029391480475788254 0.018142224627195315 0.012386025112201713 0.016538818935554808 5.317702831430401 5.621202110749529 1.1563450891566633 0.1433511669015224 4.568729033105588
1410 16920 0.007497059496965131 1 0 2.0393555138518327 0.004926508703811845 0.0005567535887844378 0.014171138212685992 1.7212451946700282 0.0025492203387067207 0.029391480475788254 0.018142224627195315 0.012386025112201713 0.016538818935554808 5.317702831430401 5.621202110749529 1.1563450891566633 0.1433511669015224 4.568729033105588
1411 16932 0.007202748178938706 1 0 2.0393555138518327 0.004926508703811845 0.0005567535887844378 0.014171138212685992 1.7212451946700282 0.0025492203387067207 0.029391480475788254 0.018142224627195315 0.012386025112201713 0.016538818935554808 5.317702831430401 5.621202110749529 1.1563450891566633 0.1433511669015224 4.568729033105588
1412 16944 0.006828839070737513 1 0 2.0393555138518327 0.004926508703811845 0.0005567535887844378 0.014171138212685992 1.7212451946700282 0.0025492203387067207 0.029391480475788254 0.018142224627195315 0.012386025112201713 0.016538818935554808 5.317702831430401 5.621202110749529 1.1563450891566633 0.1433511669015224 4.568729033105588
1413 16956 0.006461946086833542 1 0 2.0393555138518327 0.004926508703811845 0.0005567535887844378 0.014171138212685992 1.7212451946700282 0.0025492203387067207 0.029391480475788254 0.018142224627195315 0.012386025112201713 0.016538818935554808 5.317702831430401 5.621202110749529 1.1563450891566633 0.1433511669015224 4.568729033105588
1414 16968 0.006120086067062718 1 0 2.0393555138518327 0.004926508703811845 0.0005567535887844378 0.014171138212685992 1.7212451946700282 0.0025492203387067207 0.029391480475788254 0.018142224627195315 0.012386025112201713 0.016538818935554808 5.317702831430401 5.621202110749529 1.1563450891566633 0.1433511669015224 4.568729033105588
1415 16980 0.0059449587262451215 1 0 2.0393555138518327 0.004926508703811845 0.0005567535887844378 0.014171138212685992 1.7212451946700282 0.0025492203387067207 0.029391480475788254 0.018142224627195315 0.012386025112201713 0.016538818935554808 5.317702831430401 5.621202110749529 1.1563450891566633 0.1433511669015224 4.568729033105588
1416 16992 0.005890350585013706 1 0 2.0393555138518327 0.004926508703811845 0.0005567535887844378 0.014171138212685992 1.7212451946700282 0.0025492203387067207 0.029391480475788254 0.018142224627195315 0.012386025112201713 0.016538818935554808 5.317702831430401 5.621202110749529 1.1563450891566633 0.1433511669015224 4.568729033105588
1417 17004 0.005850056825631672 1 0 2.0393555138518327 0.004926508703811845 0.0005567535887844378 0.014171138212685992 1.7212451946700282 0.0025492203387067207 0.029391480475788254 0.018142224627195315 0.012386025112201713 0.016538818935554808 5.317702831430401 5.621202110749529 1.1563450891566633 0.1433511669015224 4.568729033105588
1418 17016 0.005876376535747203 1 0 2.0393555138518327 0.004926508703811845 0.0005567535887844378 0.014171138212685992 1.7212451946700282 0.0025492203387067207 0.029391480475788254 0.018142224627195315 0.012386025112201713 0.016538818935554808 5.317702831430401 5.621202110749529 1.1563450891566633 0.1433511669015224 4.568729033105588
1419 17028 0.006177016962935253 1 0 2.0393555138518327 0.004926508703811845 0.0005567535887844378 0.014171138212685992 1.7212451946700282 0.0025492203387067207 0.029391480475788254 0.018142224627195315 0.012386025112201713 0.016538818935554808 5.317702831430401 5.621202110749529 1.1563450891566633 0.1433511669015224 4.568729033105588
1420 17040 0.006187213296447583 1 0 2.0393555138518327 0.004926508703811845 0.0005567535887844378 0.014171138212685992 1.7212451946700282 0.0025492203387067207 0.029391480475788254 0.018142224627195315 0.012386025112201713 0.016538818935554808 5.317702831430401 5.621202110749529 1.1563450891566633 0.1433511669015224 4.568729033105588
1421 17052 0.006408484015178604 1 0 2.0393555138518327 0.004926508703811845 0.0005567535887844378 0.014171138212685992 1.7212451946700282 0.0025492203387067207 0.029391480475788254 0.018142224627195315 0.012386025112201713 0.016538818935554808 5.317702831430401 5.621202110749529 1.1563450891566633 0.1433511669015224 4.568729033105588
1422 17064 0.006801615585485758 1 0 2.0393555138518327 0.004926508703811845 0.0005567535887844378 0.014171138212685992 1.7212451946700282 0.0025492203387067207 0.029391480475788254 0.018142224627195315 0.012386025112201713 0.016538818935554808 5.317702831430401 5.621202110749529 1.1563450891566633 0.1433511669015224 4.568729033105588
1423 17076 0.007053019838583218 1 0 2.0393555138518327 0.004926508703811845 0.0005567535887844378 0.014171138212685992 1.7212451946700282 0.0025492203387067207 0.029391480475788254 0.018142224627195315 0.012386025112201713 0.016538818935554808 5.317702831430401 5.621202110749529 1.1563450891566633 0.1433511669015224 4.568729033105588
1424 17088 0.0074238093185129694 1 0 2.0393555138518327 0.004926508703811845 0.0005567535887844378 0.014171138212685992 1.7212451946700282 0.0025492203387067207 0.029391480475788254 0.018142224627195315 0.012386025112201713 0.016538818935554808 5.317702831430401 5.621202110749529 1.1563450891566633 0.1433511669015224 4.568729033105588
1425 17100 0.007727925922406137 1 0 2.0393555138518327 0.004926508703811845 0.0005567535887844378 0.014171138212685992 1.7212451946700282 0.0025492203387067207 0.029391480475788254 0.018142224627195315 0.012386025112201713 0.016538818935554808 5.317702831430401 5.621202110749529 1.1563450891566633 0.1433511669015224 4.568729033105588
1426 17112 0.007895979464160182 1 0 2.0393555138518327 0.004926508703811845 0.0005567535887844378 0.014171138212685992 1.7212451946700282 0.0025492203387067207 0.029391480475788254 0.018142224627195315 0.012386025112201713 0.016538818935554808 5.317702831430401 5.621202110749529 1.1563450891566633 0.1433511669015224 4.568729033105588
1427 17124 0.008307397888374134 1 0 2.0393555138518327 0.004926508703811845 0.0005567535887844378 0.014171138212685992 1.7212451946700282 0.0025492203387067207 0.029391480475788254 0.018142224627195315 0.012386025112201713 0.016538818935554808 5.317702831430401 5.621202110749529 1.1563450891566633 0.1433511669015224 4.568729033105588
1428 17136 0.008252204456392387 1 0 2.0393555138518327 0.004926508703811845 0.0005567535887844378 0.014171138212685992 1.7212451946700282 0.0025492203387067207 0.029391480475788254 0.018142224627195315 0.012386025112201713 0.016538818935554808 5.317702831430401 5.621202110749529 1.1563450891566633 0.1433511669015224 4.568729033105588
1429 17148 0.008195934598372518 1 0 2.0393555138518327 0.004926508703811845 0.0005567535887844378 0.014171138212685992 1.7212451946700282 0.0025492203387067207 0.029391480475788254 0.018142224627195315 0.012386025112201713 0.016538818935554808 5.317702831430401 5.621202110749529 1.1563450891566633 0.1433511669015224 4.568729033105588
1430 17160 0.00817283013364947 1 0 2.0393555138518327 0.004926508703811845 0.0005567535887844378 0.014171138212685992 1.7212451946700282 0.0025492203387067207 0.029391480475788254 0.018142224627195315 0.012386025112201713 0.016538818935554808 5.317702831430401 5.621202110749529 1.1563450891566633 0.1433511669015224 4.568729033105588
1431 17172 0.008206724194913317 1 0 2.0393555138518327 0.004926508703811845 0.0005567535887844378 0.014171138212685992 1.7212451946700282 0.0025492203387067207 0.029391480475788254 0.018142224627195315 0.012386025112201713 0.016538818935554808 5.317702831430401 5.621202110749529 1.1563450891566633 0.1433511669015224 4.568729033105588
1432 17184 0.008164041249483063 1 0 2.0393555138518327 0.004926508703811845 0.0005567535887844378 0.014171138212685992 1.7212451946700282 0.0025492203387067207 0.029391480475788254 0.018142224627195315 0.012386025112201713 0.016538818935554808 5.317702831430401 5.621202110749529 1.1563450891566633 0.1433511669015224 4.568729033105588
1433 17196 0.00800745181845921 1 0 2.0393555138518327 0.004926508703811845 0.0005567535887844378 0.014171138212685992 1.7212451946700282 0.0025492203387067207 0.029391480475788254 0.018142224627195315 0.012386025112201713 0.016538818935554808 5.317702831430401 5.621202110749529 1.1563450891566633 0.1433511669015224 4.568729033105588
1434 17208 0.0075837326756871834 1 0 2.0393555138518327 0.004926508703811845 0.0005567535887844378 0.014171138212685992 1.7212451946700282 0.0025492203387067207 0.029391480475788254 0.018142224627195315 0.012386025112201713 0.016538818935554808 5.317702831430401 5.621202110749529 1.1563450891566633 0.1433511669015224 4.568729033105588
1435 17220 0.007095010458141611 1 0 2.0393555138518327 0.004926508703811845 0.0005567535887844378 0.014171138212685992 1.7212451946700282 0.0025492203387067207 0.029391480475788254 0.018142224627195315 0.012386025112201713 0.016538818935554808 5.317702831430401 5.621202110749529 1.1563450891566633 0.1433511669015224 4.568729033105588
1436 17232 0.006836462864071603 1 0 2.0393555138518327 0.004926508703811845 0.0005567535887844378 0.014171138212685992 1.7212451946700282 0.0025492203387067207 0.029391480475788254 0.018142224627195315 0.012386025112201713 0.016538818935554808 5.317702831430401 5.621202110749529 1.1563450891566633 0.1433511669015224 4.568729033105588
1437 17244 0.006507426434540449 1 0 2.0393555138518327 0.004926508703811845 0.0005567535887844378 0.014171138212685992 1.7212451946700282 0.0025492203387067207 0.029391480475788254 0.018142224627195315 0.012386025112201713 0.016538818935554808 5.317702831430401 5.621202110749529 1.1563450891566633 0.1433511669015224 4.568729033105588
1438 17256 0.006185483563383592 1 0 2.0393555138518327 0.004926508703811845 0.0005567535887844378 0.014171138212685992 1.7212451946700282 0.0025492203387067207 0.029391480475788254 0.018142224627195315 0.012386025112201713 0.016538818935554808 5.317702831430401 5.621202110749529 1.1563450891566633 0.1433511669015224 4.568729033105588
1439 17268 0.006081253690341456 1 0 2.0393555138518327 0.004926508703811845 0.0005567535887844378 0.014171138212685992 1.7212451946700282 0.0025492203387067207 0.029391480475788254 0.018142224627195315 0.012386025112201713 0.016538818935554808 5.317702831430401 5.621202110749529 1.1563450891566633 0.1433511669015224 4.568729033105588
1440 17280 0.005678720104953797 1 0 2.0393555138518327 0.004926508703811845 0.0005567535887844378 0.014171138212685992 1.7212451946700282 0.0025492203387067207 0.029391480475788254 0.018142224627195315 0.012386025112201713 0.016538818935554808 5.317702831430401 5.621202110749529 1.1563450891566633 0.1433511669015224 4.568729033105588
1441 17292 0.005095784126027569 1 0 2.0393555138518327 0.004926508703811845 0.0005567535887844378 0.014171138212685992 1.7212451946700282 0.0025492203387067207 0.029391480475788254 0.018142224627195315 0.012386025112201713 0.016538818935554808 5.317702831430401 5.621202110749529 1.1563450891566633 0.1433511669015224 4.568729033105588
1442 17304 0.004727333902585256 1 0 2.0393555138518327 0.004926508703811845 0.0005567535887844378 0.014171138212685992 1.7212451946700282 0.0025492203387067207 0.029391480475788254 0.018142224627195315 0.012386025112201713 0.016538818935554808 5.317702831430401 5.621202110749529 1.1563450891566633 0.1433511669015224 4.568729033105588
1443 17316 0.004549776244391235 1 0 2.0393555138518327 0.004926508703811845 0.0005567535887844378 0.014171138212685992 1.7212451946700282 0.0025492203387067207 0.029391480475788254 0.018142224627195315 0.012386025112201713 0.016538818935554808 5.317702831430401 5.621202110749529 1.1563450891566633 0.1433511669015224 4.568729033105588
1444 17328 0.004389203610061409 1 0 2.0393555138518327 0.004926508703811845 0.0005567535887844378 0.014171138212685992 1.7212451946700282 0.0025492203387067207 0.029391480475788254 0.018142224627195315 0.012386025112201713 0.016538818935554808 5.317702831430401 5.621202110749529 1.1563450891566633 0.1433511669015224 4.568729033105588
1445 17340 0.00417294616716064 1 0 2.0393555138518327 0.004926508703811845 0.0005567535887844378 0.014171138212685992 1.7212451946700282 0.0025492203387067207 0.029391480475788254 0.018142224627195315 0.012386025112201713 0.016538818935554808 5.317702831430401 5.621202110749529 1.1563450891566633 0.1433511669015224 4.568729033105588
1446 17352 0.003971016077067305 1 0 2.0393555138518327 0.004926508703811845 0.0005567535887844378 0.014171138212685992 1.7212451946700282 0.0025492203387067207 0.029391480475788254 0.018142224627195315 0.012386025112201713 0.016538818935554808 5.317702831430401 5.621202110749529 1.1563450891566633 0.1433511669015224 4.568729033105588
1447 17364 0.003840709065863328 1 0 2.0393555138518327 0.004926508703811845 0.0005567535887844378 0.014171138212685992 1.7212451946700282 0.0025492203387067207 0.029391480475788254 0.018142224627195315 0.012386025112201713 0.016538818935554808 5.317702831430401 5.621202110749529 1.1563450891566633 0.1433511669015224 4.568729033105588
1448 17376 0.0037951682582423956 1 0 2.0393555138518327 0.004926508703811845 0.0005567535887844378 0.014171138212685992 1.7212451946700282 0.0025492203387067207 0.029391480475788254 0.018142224627195315 0.012386025112201713 0.016538818935554808 5.317702831430401 5.621202110749529 1.1563450891566633 0.1433511669015224 4.568729033105588
1449 17388 0.003730332326630645 1 0 2.0393555138518327 0.004926508703811845 0.0005567535887844378 0.014171138212685992 1.7212451946700282 0.0025492203387067207 0.029391480475788254 0.018142224627195315 0.012386025112201713 0.016538818935554808 5.317702831430401 5.621202110749529 1.1563450891566633 0.1433511669015224 4.568729033105588
1450 17400 0.003599537588480648 1 0 2.0393555138518327 0.004926508703811845 0.0005567535887844378 0.014171138212685992 1.7212451946700282 0.0025492203387067207 0.029391480475788254 0.018142224627195315 0.012386025112201713 0.016538818935554808 5.317702831430401 5.621202110749529 1.1563450891566633 0.1433511669015224 4.568729033105588
1451 17412 0.003500353985086624 1 0 2.0393555138518327 0.004926508703811845 0.0005567535887844378 0.014171138212685992 1.7212451946700282 0.0025492203387067207 0.029391480475788254 0.018142224627195315 0.012386025112201713 0.016538818935554808 5.317702831430401 5.621202110749529 1.1563450891566633 0.1433511669015224 4.568729033105588
1452 17424 0.003386516288681013 1 0 2.0393555138518327 0.004926508703811845 0.0005567535887844378 0.014171138212685992 1.7212451946700282 0.0025492203387067207 0.029391480475788254 0.018142224627195315 0.012386025112201713 0.016538818935554808 5.317702831430401 5.621202110749529 1.1563450891566633 0.1433511669015224 4.568729033105588
1453 17436 0.003302393146154831 1 0 2.0393555138518327 0.004926508703811845 0.0005567535887844378 0.014171138212685992 1.7212451946700282 0.0025492203387067207 0.029391480475788254 0.018142224627195315 0.012386025112201713 0.016538818935554808 5.317702831430401 5.621202110749529 1.1563450891566633 0.1433511669015224 4.568729033105588
1454 17448 0.0031103639308253392 1 0 2.0393555138518327 0.004926508703811845 0.0005567535887844378 0.014171138212685992 1.7212451946700282 0.0025492203387067207 0.029391480475788254 0.018142224627195315 0.012386025112201713 0.016538818935554808 5.317702831430401 5.621202110749529 1.1563450891566633 0.1433511669015224 4.568729033105588
1455 17460 0.0030346762977862553 1 0 2.0393555138518327 0.004926508703811845 0.0005567535887844378 0.014171138212685992 1.7212451946700282 0.0025492203387067207 0.029391480475788254 0.018142224627195315 0.012386025112201713 0.016538818935554808 5.317702831430401 5.621202110749529 1.1563450891566633 0.1433511669015224 4.568729033105588
1456 17472 0.0028720774732353665 1 0 2.0393555138518327 0.004926508703811845 0.0005567535887844378 0.014171138212685992 1.7212451946700282 0.0025492203387067207 0.029391480475788254 0.018142224627195315 0.012386025112201713 0.016538818935554808 5.317702831430401 5.621202110749529 1.1563450891566633 0.1433511669015224 4.568729033105588
1457 17484 0.0027324910453467455 1 0 2.0393555138518327 0.004926508703811845 0.0005567535887844378 0.014171138212685992 1.7212451946700282 0.0025492203387067207 0.029391480475788254 0.018142224627195315 0.012386025112201713 0.016538818935554808 5.317702831430401 5.621202110749529 1.1563450891566633 0.1433511669015224 4.568729033105588
1458 17496 0.0027176494412679774 1 0 2.0393555138518327 0.004926508703811845 0.0005567535887844378 0.014171138212685992 1.7212451946700282 0.0025492203387067207 0.029391480475788254 0.018142224627195315 0.012386025112201713 0.016538818935554808 5.317702831430401 5.621202110749529 1.1563450891566633 0.1433511669015224 4.568729033105588
1459 17508 0.0026002927120402928 1 0 2.0393555138518327 0.004926508703811845 0.0005567535887844378 0.014171138212685992 1.7212451946700282 0.0025492203387067207 0.029391480475788254 0.018142224627195315 0.012386025112201713 0.016538818935554808 5.317702831430401 5.621202110749529 1.1563450891566633 0.1433511669015224 4.568729033105588
1460 17520 0.0024853019822695444 1 0 2.0393555138518327 0.004926508703811845 0.0005567535887844378 0.014171138212685992 1.7212451946700282 0.0025492203387067207 0.029391480475788254 0.018142224627195315 0.012386025112201713 0.016538818935554808 5.317702831430401 5.621202110749529 1.1563450891566633 0.1433511669015224 4.568729033105588
1461 17532 0.0023548739902953418 1 0 2.0393555138518327 0.004926508703811845 0.0005567535887844378 0.014171138212685992 1.7212451946700282 0.0025492203387067207 0.029391480475788254 0.018142224627195315 0.012386025112201713 0.016538818935554808 5.317702831430401 5.621202110749529 1.1563450891566633 0.1433511669015224 4.568729033105588
1462 17544 0.0022881205333429725 1 0 2.0393555138518327 0.004926508703811845 0.0005567535887844378 0.014171138212685992 1.7212451946700282 0.0025492203387067207 0.029391480475788254 0.018142224627195315 0.012386025112201713 0.016538818935554808 5.317702831430401 5.621202110749529 1.1563450891566633 0.1433511669015224 4.568729033105588
1463 17556 0.0022175954178132234 1 0 2.0393555138518327 0.004926508703811845 0.0005567535887844378 0.014171138212685992 1.7212451946700282 0.0025492203387067207 0.029391480475788254 0.018142224627195315 0.012386025112201713 0.016538818935554808 5.317702831430401 5.621202110749529 1.1563450891566633 0.1433511669015224 4.568729033105588
1464 17568 0.0020866733624886604 1 0 2.0393555138518327 0.004926508703811845 0.0005567535887844378 0.014171138212685992 1.7212451946700282 0.0025492203387067207 0.029391480475788254 0.018142224627195315 0.012386025112201713 0.016538818935554808 5.317702831430401 5.621202110749529 1.1563450891566633 0.1433511669015224 4.568729033105588
1465 17580 0.0019090553944628404 1 0 2.0393555138518327 0.004926508703811845 0.0005567535887844378 0.014171138212685992 1.7212451946700282 0.0025492203387067207 0.029391480475788254 0.018142224627195315 0.012386025112201713 0.016538818935554808 5.317702831430401 5.621202110749529 1.1563450891566633 0.1433511669015224 4.568729033105588
1466 17592 0.0017988933033379567 1 0 2.0393555138518327 0.004926508703811845 0.0005567535887844378 0.014171138212685992 1.7212451946700282 0.0025492203387067207 0.029391480475788254 0.018142224627195315 0.012386025112201713 0.016538818935554808 5.317702831430401 5.621202110749529 1.1563450891566633 0.1433511669015224 4.568729033105588
1467 17604 0.0017605350416118285 1 0 2.0393555138518327 0.004926508703811845 0.0005567535887844378 0.014171138212685992 1.7212451946700282 0.0025492203387067207 0.029391480475788254 0.018142224627195315 0.012386025112201713 0.016538818935554808 5.317702831430401 5.621202110749529 1.1563450891566633 0.1433511669015224 4.568729033105588
1468 17616 0.0017347061334367763 1 0 2.0393555138518327 0.004926508703811845 0.0005567535887844378 0.014171138212685992 1.7212451946700282 0.0025492203387067207 0.029391480475788254 0.018142224627195315 0.012386025112201713 0.016538818935554808 5.317702831430401 5.621202110749529 1.1563450891566633 0.1433511669015224 4.568729033105588
1469 17628 0.0016791142790847458 1 0 2.0393555138518327 0.004926508703811845 0.0005567535887844378 0.014171138212685992 1.7212451946700282 0.0025492203387067207 0.029391480475788254 0.018142224627195315 0.012386025112201713 0.016538818935554808 5.317702831430401 5.621202110749529 1.1563450891566633 0.1433511669015224 4.568729033105588
1470 17640 0.0016713600508839704 1 0 2.0393555138518327 0.004926508703811845 0.0005567535887844378 0.014171138212685992 1.7212451946700282 0.0025492203387067207 0.029391480475788254 0.018142224627195315 0.012386025112201713 0.016538818935554808 5.317702831430401 5.621202110749529 1.1563450891566633 0.1433511669015224 4.568729033105588
1471 17652 0.0016548731544834875 1 0 2.0393555138518327 0.004926508703811845 0.0005567535887844378 0.014171138212685992 1.7212451946700282 0.0025492203387067207 0.029391480475788254 0.018142224627195315 0.012386025112201713 0.016538818935554808 5.317702831430401 5.621202110749529 1.1563450891566633 0.1433511669015224 4.568729033105588
1472 17664 0.0016054381214226697 1 0 2.0393555138518327 0.004926508703811845 0.0005567535887844378 0.014171138212685992 1.7212451946700282 0.0025492203387067207 0.029391480475788254 0.018142224627195315 0.012386025112201713 0.016538818935554808 5.317702831430401 5.621202110749529 1.1563450891566633 0.1433511669015224 4.568729033105588
1473 17676 0.0015561245067831268 1 0 2.0393555138518327 0.004926508703811845 0.0005567535887844378 0.014171138212685992 1.7212451946700282 0.0025492203387067207 0.029391480475788254 0.018142224627195315 0.012386025112201713 0.016538818935554808 5.317702831430401 5.621202110749529 1.1563450891566633 0.1433511669015224 4.568729033105588
1474 17688 0.0014100587279058873 1 0 2.0393555138518327 0.004926508703811845 0.0005567535887844378 0.014171138212685992 1.7212451946700282 0.0025492203387067207 0.029391480475788254 0.018142224627195315 0.012386025112201713 0.016538818935554808 5.317702831430401 5.621202110749529 1.1563450891566633 0.1433511669015224 4.568729033105588
1475 17700 0.0013315279134901038 1 0 2.0393555138518327 0.004926508703811845 0.0005567535887844378 0.014171138212685992 1.7212451946700282 0.0025492203387067207 0.029391480475788254 0.018142224627195315 0.012386025112201713 0.016538818935554808 5.317702831430401 5.621202110749529 1.1563450891566633 0.1433511669015224 4.568729033105588
1476 17712 0.0012707173472639218 1 0 2.0393555138518327 0.004926508703811845 0.0005567535887844378 0.014171138212685992 1.7212451946700282 0.0025492203387067207 0.029391480475788254 0.018142224627195315 0.012386025112201713 0.016538818935554808 5.317702831430401 5.621202110749529 1.1563450891566633 0.1433511669015224 4.568729033105588
1477 17724 0.0012339367551368378 1 0 2.0393555138518327 0.004926508703811845 0.0005567535887844378 0.014171138212685992 1.7212451946700282 0.0025492203387067207 0.029391480475788254 0.018142224627195315 0.012386025112201713 0.016538818935554808 5.317702831430401 5.621202110749529 1.1563450891566633 0.1433511669015224 4.568729033105588
1478 17736 0.0011267803716505003 1 0 2.0393555138518327 0.004926508703811845 0.0005567535887844378 0.014171138212685992 1.7212451946700282 0.0025492203387067207 0.029391480475788254 0.018142224627195315 0.012386025112201713 0.016538818935554808 5.317702831430401 5.621202110749529 1.1563450891566633 0.1433511669015224 4.568729033105588
1479 17748 0.0010779001971395483 1 0 2.0393555138518327 0.004926508703811845 0.0005567535887844378 0.014171138212685992 1.7212451946700282 0.0025492203387067207 0.029391480475788254 0.018142224627195315 0.012386025112201713 0.016538818935554808 5.317702831430401 5.621202110749529 1.1563450891566633 0.1433511669015224 4.568729033105588
1480 17760 0.0010033048345722134 1 0 2.0393555138518327 0.004926508703811845 0.0005567535887844378 0.014171138212685992 1.7212451946700282 0.0025492203387067207 0.029391480475788254 0.018142224627195315 0.012386025112201713 0.016538818935554808 5.317702831430401 5.621202110749529 1.1563450891566633 0.1433511669015224 4.568729033105588
1481 17772 0.000944975739585727 1 0 2.0393555138518327 0.004926508703811845 0.0005567535887844378 0.014171138212685992 1.7212451946700282 0.0025492203387067207 0.029391480475788254 0.018142224627195315 0.012386025112201713 0.016538818935554808 5.317702831430401 5.621202110749529 1.1563450891566633 0.1433511669015224 4.568729033105588
1482 17784 0.0008823888349791381 1 0 2.0393555138518327 0.004926508703811845 0.0005567535887844378 0.014171138212685992 1.7212451946700282 0.0025492203387067207 0.029391480475788254 0.018142224627195315 0.012386025112201713 0.016538818935554808 5.317702831430401 5.621202110749529 1.1563450891566633 0.1433511669015224 4.568729033105588
1483 17796 0.0008313146088614853 1 0 2.0393555138518327 0.004926508703811845 0.0005567535887844378 0.014171138212685992 1.7212451946700282 0.0025492203387067207 0.029391480475788254 0.018142224627195315 0.012386025112201713 0.016538818935554808 5.317702831430401 5.621202110749529 1.1563450891566633 0.1433511669015224 4.568729033105588
1484 17808 0.000771662865355988 1 0 2.0393555138518327 0.004926508703811845 0.0005567535887844378 0.014171138212685992 1.7212451946700282 0.0025492203387067207 0.029391480475788254 0.018142224627195315 0.012386025112201713 0.016538818935554808 5.317702831430401 5.621202110749529 1.1563450891566633 0.1433511669015224 4.568729033105588
1485 17820 0.0007318702715510828 1 0 2.0393555138518327 0.004926508703811845 0.0005567535887844378 0.014171138212685992 1.7212451946700282 0.0025492203387067207 0.029391480475788254 0.018142224627195315 0.012386025112201713 0.016538818935554808 5.317702831430401 5.621202110749529 1.1563450891566633 0.1433511669015224 4.568729033105588
1486 17832 0.0007179753931854802 1 0 2.0393555138518327 0.004926508703811845 0.0005567535887844378 0.014171138212685992 1.7212451946700282 0.0025492203387067207 0.029391480475788254 0.018142224627195315 0.012386025112201713 0.016538818935554808 5.317702831430401 5.621202110749529 1.1563450891566633 0.1433511669015224 4.568729033105588
1487 17844 0.0006944168951153406 1 0 2.0393555138518327 0.004926508703811845 0.0005567535887844378 0.014171138212685992 1.7212451946700282 0.0025492203387067207 0.029391480475788254 0.018142224627195315 0.012386025112201713 0.016538818935554808 5.317702831430401 5.621202110749529 1.1563450891566633 0.1433511669015224 4.568729033105588
1488 17856 0.0006785538626649494 1 0 2.0393555138518327 0.004926508703811845 0.0005567535887844378 0.014171138212685992 1.7212451946700282 0.0025492203387067207 0.029391480475788254 0.018142224627195315 0.012386025112201713 0.016538818935554808 5.317702831430401 5.621202110749529 1.1563450891566633 0.1433511669015224 4.568729033105588
1489 17868 0.0006563242259670153 1 0 2.0393555138518327 0.004926508703811845 0.0005567535887844378 0.014171138212685992 1.7212451946700282 0.0025492203387067207 0.029391480475788254 0.018142224627195315 0.012386025112201713 0.016538818935554808 5.317702831430401 5.621202110749529 1.1563450891566633 0.1433511669015224 4.568729033105588
1490 17880 0.0006585836790853678 1 0 2.0393555138518327 0.004926508703811845 0.0005567535887844378 0.014171138212685992 1.7212451946700282 0.0025492203387067207 0.029391480475788254 0.018142224627195315 0.012386025112201713 0.016538818935554808 5.317702831430401 5.621202110749529 1.1563450891566633 0.1433511669015224 4.568729033105588
1491 17892 0.0006471523960075585 1 0 2.0393555138518327 0.004926508703811845 0.0005567535887844378 0.014171138212685992 1.7212451946700282 0.0025492203387067207 0.029391480475788254 0.018142224627195315 0.012386025112201713 0.016538818935554808 5.317702831430401 5.621202110749529 1.1563450891566633 0.1433511669015224 4.568729033105588
1492 17904 0.0006187093024006899 1 0 2.0393555138518327 0.004926508703811845 0.0005567535887844378 0.014171138212685992 1.7212451946700282 0.0025492203387067207 0.029391480475788254 0.018142224627195315 0.012386025112201713 0.016538818935554808 5.317702831430401 5.621202110749529 1.1563450891566633 0.1433511669015224 4.568729033105588
1493 17916 0.0005978150186353236 1 0 2.0393555138518327 0.004926508703811845 0.0005567535887844378 0.014171138212685992 1.7212451946700282 0.0025492203387067207 0.029391480475788254 0.018142224627195315 0.012386025112201713 0.016538818935554808 5.317702831430401 5.621202110749529 1.1563450891566633 0.1433511669015224 4.568729033105588
1494 17928 0.0005700879954622421 1 0 2.0393555138518327 0.004926508703811845 0.0005567535887844378 0.014171138212685992 1.7212451946700282 0.0025492203387067207 0.029391480475788254 0.018142224627195315 0.012386025112201713 0.016538818935554808 5.317702831430401 5.621202110749529 1.1563450891566633 0.1433511669015224 4.568729033105588
1495 17940 0.0005465444486530262 1 0 2.0393555138518327 0.004926508703811845 0.0005567535887844378 0.014171138212685992 1.7212451946700282 0.0025492203387067207 0.029391480475788254 0.018142224627195315 0.012386025112201713 0.016538818935554808 5.317702831430401 5.621202110749529 1.1563450891566633 0.1433511669015224 4.568729033105588
1496 17952 0.0005325216672992107 1 0 2.0393555138518327 0.004926508703811845 0.0005567535887844378 0.014171138212685992 1.7212451946700282 0.0025492203387067207 0.029391480475788254 0.018142224627195315 0.012386025112201713 0.016538818935554808 5.317702831430401 5.621202110749529 1.1563450891566633 0.1433511669015224 4.568729033105588
1497 17964 0.0005197396943269456 1 0 2.0393555138518327 0.004926508703811845 0.0005567535887844378 0.014171138212685992 1.7212451946700282 0.0025492203387067207 0.029391480475788254 0.018142224627195315 0.012386025112201713 0.016538818935554808 5.317702831430401 5.621202110749529 1.1563450891566633 0.1433511669015224 4.568729033105588
1498 17976 0.0005074913463071017 1 0 2.0393555138518327 0.004926508703811845 0.0005567535887844378 0.014171138212685992 1.7212451946700282 0.0025492203387067207 0.029391480475788254 0.018142224627195315 0.012386025112201713 0.016538818935554808 5.317702831430401 5.621202110749529 1.1563450891566633 0.1433511669015224 4.568729033105588
1499 17988 0.0004898890815491323 1 0 2.0393555138518327 0.004926508703811845 0.0005567535887844378 0.014171138212685992 1.7212451946700282 0.0025492203387067207 0.029391480475788254 0.018142224627195315 0.012386025112201713 0.016538818935554808 5.317702831430401 5.621202110749529 1.1563450891566633 0.1433511669015224 4.568729033105588
1500 18000 0.00046406888578110264 1 0 2.0393555138518327 0.004926508703811845 0.0005567535887844378 0.014171138212685992 1.7212451946700282 0.0025492203387067207 0.029391480475788254 0.018142224627195315 0.012386025112201713 0.016538818935554808 5.317702831430401 5.621202110749529 1.1563450891566633 0.1433511669015224 4.568729033105588
1501 18012 0.00045104762946364895 1 0 2.0393555138518327 0.004926508703811845 0.0005567535887844378 0.014171138212685992 1.7212451946700282 0.0025492203387067207 0.029391480475788254 0.018142224627195315 0.012386025112201713 0.016538818935554808 5.317702831430401 5.621202110749529 1.1563450891566633 0.1433511669015224 4.568729033105588
1502 18024 0.0004411006543116543 1 0 2.0393555138518327 0.004926508703811845 0.0005567535887844378 0.014171138212685992 1.7212451946700282 0.0025492203387067207 0.029391480475788254 0.018142224627195315 0.012386025112201713 0.016538818935554808 5.317702831430401 5.621202110749529 1.1563450891566633 0.1433511669015224 4.568729033105588
1503 18036 0.00042000973325665125 1 0 2.0393555138518327 0.004926508703811845 0.0005567535887844378 0.014171138212685992 1.7212451946700282 0.0025492203387067207 0.029391480475788254 0.018142224627195315 0.012386025112201713 0.016538818935554808 5.317702831430401 5.621202110749529 1.1563450891566633 0.1433511669015224 4.568729033105588
1504 18048 0.0004045809483943266 1 0 2.0393555138518327 0.004926508703811845 0.0005567535887844378 0.014171138212685992 1.7212451946700282 0.0025492203387067207 0.029391480475788254 0.018142224627195315 0.012386025112201713 0.016538818935554808 5.317702831430401 5.621202110749529 1.1563450891566633 0.1433511669015224 4.568729033105588
1505 18060 0.0004130181474331101 1 0 2.0393555138518327 0.004926508703811845 0.0005567535887844378 0.014171138212685992 1.7212451946700282 0.0025492203387067207 0.029391480475788254 0.018142224627195315 0.012386025112201713 0.016538818935554808 5.317702831430401 5.621202110749529 1.1563450891566633 0.1433511669015224 4.568729033105588
1506 18072 0.0004191468981631216 1 0 2.0393555138518327 0.004926508703811845 0.0005567535887844378 0.014171138212685992 1.7212451946700282 0.0025492203387067207 0.029391480475788254 0.018142224627195315 0.012386025112201713 0.016538818935554808 5.317702831430401 5.621202110749529 1.1563450891566633 0.1433511669015224 4.568729033105588
1507 18084 0.0004291366884195014 1 0 2.0393555138518327 0.004926508703811845 0.0005567535887844378 0.014171138212685992 1.7212451946700282 0.0025492203387067207 0.029391480475788254 0.018142224627195315 0.012386025112201713 0.016538818935554808 5.317702831430401 5.621202110749529 1.1563450891566633 0.1433511669015224 4.568729033105588
1508 18096 0.00043384922748035274 1 0 2.0393555138518327 0.004926508703811845 0.0005567535887844378 0.014171138212685992 1.7212451946700282 0.0025492203387067207 0.029391480475788254 0.018142224627195315 0.012386025112201713 0.016538818935554808 5.317702831430401 5.621202110749529 1.1563450891566633 0.1433511669015224 4.568729033105588
1509 18108 0.0004226948428908576 1 0 2.0393555138518327 0.004926508703811845 0.0005567535887844378 0.014171138212685992 1.7212451946700282 0.0025492203387067207 0.029391480475788254 0.018142224627195315 0.012386025112201713 0.016538818935554808 5.317702831430401 5.621202110749529 1.1563450891566633 0.1433511669015224 4.568729033105588
1510 18120 0.00040755983760141855 1 0 2.0393555138518327 0.004926508703811845 0.0005567535887844378 0.014171138212685992 1.7212451946700282 0.0025492203387067207 0.029391480475788254 0.018142224627195315 0.012386025112201713 0.016538818935554808 5.317702831430401 5.621202110749529 1.1563450891566633 0.1433511669015224 4.568729033105588
1511 18132 0.000400889006069765 1 0 2.0393555138518327 0.004926508703811845 0.0005567535887844378 0.014171138212685992 1.7212451946700282 0.0025492203387067207 0.029391480475788254 0.018142224627195315 0.012386025112201713 0.016538818935554808 5.317702831430401 5.621202110749529 1.1563450891566633 0.1433511669015224 4.568729033105588
1512 18144 0.00040395957852857895 1 0 2.0393555138518327 0.004926508703811845 0.0005567535887844378 0.014171138212685992 1.7212451946700282 0.0025492203387067207 0.029391480475788254 0.018142224627195315 0.012386025112201713 0.016538818935554808 5.317702831430401 5.621202110749529 1.1563450891566633 0.1433511669015224 4.568729033105588
1513 18156 0.000405803317357842 1 0 2.0393555138518327 0.004926508703811845 0.0005567535887844378 0.014171138212685992 1.7212451946700282 0.0025492203387067207 0.029391480475788254 0.018142224627195315 0.012386025112201713 0.016538818935554808 5.317702831430401 5.621202110749529 1.1563450891566633 0.1433511669015224 4.568729033105588
1513 18156 0.000405803317357842 1 0 2.0393555138518327 0.004926508703811845 0.0005567535887844378 0.014171138212685992 1.7212451946700282 0.0025492203387067207 0.029391480475788254 0.018142224627195315 0.012386025112201713 0.016538818935554808 5.317702831430401 5.621202110749529 1.1563450891566633 0.1433511669015224 4.568729033105588
